x0: 185.98964979971652
y0: 134.2059838895282
x1: 306.81819259303586
y1: 132.91139240506328
x2: 307.249723103012
y2: 194.62025316455697
x3: 188.5788328595734
y3: 191.59953970080554
tag: 
isFloridaPlate: false
isNonStandardDesign: false
isEdgeInfoObscured: false
doesNotContainPlate: false
