x0: 180.81128368000284
y0: 142.83659378596087
x1: 325.80553503198604
y1: 134.63751438434983
x2: 323.64788248210533
y2: 201.95627157652473
x3: 184.6950582697881
y3: 212.7445339470656
tag: 
isFloridaPlate: false
isNonStandardDesign: false
isEdgeInfoObscured: false
doesNotContainPlate: true
