x0: 167.92168674698794
y0: 143.82530120481928
x1: 318.0379858524155
y1: 146.28883774453394
x2: 310.70196718282114
y2: 206.27157652474108
x3: 173.47526501040846
y3: 204.1139240506329
tag: 
isFloridaPlate: false
isNonStandardDesign: false
isEdgeInfoObscured: false
doesNotContainPlate: false
